banshou 1.0 0.0 93.0 -2147483648.0 93.0
banshou 1.0 93.0 99.0 93.0 99.0
banshou 1.0 0.0 94.0 -2147483648.0 94.0
banshou 1.0 124.0 93.0 124.0 93.0
banshou 1.0 0.0 0.0 200.0 200.0
banshou 1.0 110.0 75.0 110.0 75.0
banshou 1.0 156.0 158.0 161.0 159.0
banshou 1.0 139.0 93.0 139.0 93.0
banshou 1.0 0.0 97.0 -2147483648.0 97.0
banshou 1.0 0.0 98.0 -2147483648.0 98.0
banshou 1.0 125.0 71.0 125.0 71.0
banshou 1.0 0.0 100.0 -2147483648.0 100.0
banshou 1.0 155.0 93.0 155.0 93.0
banshou 1.0 171.0 93.0 171.0 93.0
banshou 1.0 141.0 66.0 141.0 66.0
banshou 1.0 0.0 75.0 -2147483648.0 75.0
banshou 1.0 0.0 76.0 -2147483648.0 76.0
banshou 1.0 0.0 76.0 -2147483648.0 76.0
banshou 1.0 97.0 61.0 97.0 61.0
banshou 1.0 82.0 61.0 82.0 61.0
