banshou 1.0 0.0 140.0 -2147483648.0 140.0
banshou 1.0 0.0 100.0 200.0 101.0
banshou 1.0 94.0 140.0 94.0 140.0
banshou 1.0 109.0 140.0 109.0 140.0
banshou 1.0 0.0 139.0 -2147483648.0 139.0
banshou 1.0 49.0 102.0 49.0 102.0
banshou 1.0 96.0 75.0 96.0 75.0
banshou 1.0 0.0 139.0 -2147483648.0 139.0
banshou 1.0 124.0 139.0 124.0 139.0
banshou 1.0 64.0 102.0 64.0 102.0
banshou 1.0 0.0 99.0 -2147483648.0 100.0
banshou 1.0 140.0 139.0 140.0 139.0
banshou 1.0 0.0 139.0 -2147483648.0 139.0
banshou 1.0 0.0 140.0 200.0 140.0
banshou 1.0 0.0 98.0 -2147483648.0 98.0
banshou 1.0 0.0 75.0 -2147483648.0 75.0
banshou 1.0 0.0 74.0 200.0 74.0
banshou 1.0 0.0 74.0 200.0 74.0
banshou 1.0 51.0 73.0 51.0 73.0
banshou 1.0 98.0 60.0 98.0 60.0
