banshou 0.9996264576911926 81.0 67.0 85.0 68.0
banshou 0.9996318817138672 84.0 108.0 111.0 115.0
banshou 0.9996597170829773 0.0 94.0 200.0 106.0
banshou 0.9996660947799683 107.0 81.0 119.0 83.0
banshou 0.9996938705444336 50.0 70.0 55.0 70.0
banshou 0.9996997117996216 39.0 110.0 64.0 115.0
banshou 0.9997091293334961 26.0 97.0 47.0 100.0
banshou 0.9997965097427368 31.0 84.0 42.0 85.0
banshou 0.9998640418052673 66.0 69.0 69.0 69.0
banshou 0.9998720288276672 104.0 95.0 122.0 98.0
banshou 0.9999096393585205 73.0 109.0 92.0 114.0
banshou 0.9999342560768127 58.0 110.0 76.0 114.0
banshou 0.9999531507492065 94.0 81.0 100.0 82.0
banshou 0.9999756813049316 91.0 95.0 103.0 97.0
banshou 0.999992847442627 47.0 97.0 56.0 98.0
banshou 0.9999942779541016 49.0 83.0 54.0 84.0
banshou 0.9999951124191284 80.0 81.0 84.0 81.0
banshou 0.9999967813491821 78.0 96.0 85.0 96.0
banshou 0.9999984502792358 65.0 82.0 68.0 82.0
banshou 0.9999985098838806 64.0 96.0 70.0 97.0
