banshou 0.9999814033508301 0.0 116.0 200.0 117.0
banshou 0.9999817609786987 102.0 138.0 123.0 144.0
banshou 0.9999841451644897 127.0 95.0 129.0 95.0
banshou 0.99998539686203 122.0 124.0 133.0 126.0
banshou 0.9999873638153076 0.0 106.0 200.0 126.0
banshou 0.999996542930603 112.0 83.0 114.0 83.0
banshou 0.9999968409538269 90.0 140.0 103.0 142.0
banshou 0.9999974966049194 126.0 109.0 128.0 109.0
banshou 0.9999976754188538 0.0 127.0 200.0 131.0
banshou 0.9999982118606567 97.0 86.0 99.0 86.0
banshou 0.9999988079071045 0.0 115.0 200.0 118.0
banshou 0.9999990463256836 82.0 103.0 83.0 103.0
banshou 0.9999998807907104 97.0 101.0 98.0 101.0
banshou 0.9999998807907104 81.0 128.0 83.0 128.0
banshou 0.9999998807907104 112.0 97.0 113.0 97.0
banshou 1.0 111.0 110.0 112.0 110.0
banshou 1.0 97.0 113.0 97.0 113.0
banshou 1.0 110.0 125.0 112.0 125.0
banshou 1.0 96.0 126.0 97.0 126.0
banshou 1.0 82.0 116.0 83.0 116.0
